L0001   -3879467.829    4980907.568    3405369.960   1794.207   4984.176  -5246.170
L0002   -3857848.052    4955020.808    3466771.899  -4727.039    346.057  -5754.897
L0003   -3835847.438    4928666.990    3527844.936  -6292.282  -3025.559  -2614.702
L0004   -3813468.023    4901848.552    3588583.210   3785.746   5442.218  -3410.847
L0005   -3790711.881    4874567.974    3648980.891  -1208.220   3783.503  -6309.421
L0006   -3767581.121    4846827.783    3709032.177  -3431.006  -5493.060   3692.964
L0007   -3744077.889    4818630.548    3768731.295   1864.292  -3492.457   6317.488
L0008   -3934458.362    4936996.675    3406218.145   5853.020   4617.467     68.124
L0009   -3912842.551    4911103.175    3467625.061   6239.897   3091.415   2662.767
L0010   -3890844.159    4884744.010    3528703.049  -1860.336  -5142.430   5067.351
L0011   -3868465.221    4857921.616    3589446.250  -6236.292  -2701.296  -3065.151
L0012   -3845707.811    4830638.476    3649848.830  -2040.859  -5285.804   4845.478
L0013   -3822574.036    4802897.116    3709904.989   3637.258  -1910.599   6221.210
L0014   -3799066.044    4774700.107    3769608.953   2642.911   5492.393  -4293.266
L0015   -3989074.845    4892616.120    3406727.089  -6076.899  -2504.461  -3518.873
L0016   -3967463.677    4866716.689    3468136.992   5014.827    158.432   5514.517
L0017   -3945468.195    4840352.998    3529217.951  -5852.022  -1614.532  -4327.888
L0018   -3923090.436    4813527.487    3589964.107  -4171.071  -5500.180   2816.679
L0019   -3900332.470    4786242.637    3650369.627  -3666.830  -5552.616   3362.484
L0020   -3877196.407    4758500.977    3710428.710     80.203   4624.670  -5847.177
L0021   -3853684.392    4730305.076    3770135.582  -5631.454   -738.585  -4829.566
L0022   -4043312.009    4847770.182    3406896.743  -4854.999    -73.400  -5657.480
L0023   -4021706.160    4821865.628    3468307.641   5269.672   5164.357  -1069.330
L0024   -3999714.277    4795498.237    3529389.591   5303.598   5146.795   -982.768
L0025   -3977338.397    4768670.446    3590136.732   4893.671   -151.358   5622.505
L0026   -3954580.590    4741384.741    3650543.232  -3231.973   2193.624  -6350.264
L0027   -3931442.963    4713643.648    3710603.290  -5408.465  -5080.256    723.182
L0028   -3907927.663    4685449.738    3770311.131  -4119.149   1430.556  -6047.281
L0029   -4097164.625    4802463.186    3406727.089   6119.205   3525.691   2389.211
L0030   -4075564.770    4776554.319    3468136.992  -2666.806   2454.929  -6514.980
L0031   -4053577.174    4750184.051    3529217.951  -6144.715  -3180.973  -2776.215
L0032   -4031203.873    4723354.821    3589964.107   5689.452   1337.783   4628.602
L0033   -4008446.936    4696069.114    3650369.627   5160.090    225.278   5376.449
L0034   -3985308.471    4668329.457    3710428.710    -89.173   4591.740  -5872.943
L0035   -3961790.621    4640138.422    3770135.582   4248.201  -1246.667   5998.508
L0036   -4150627.499    4756699.500    3406218.145  -6029.241  -4040.800  -1704.018
L0037   -4129034.312    4730787.131    3467625.061  -5837.896  -4584.383   -697.057
L0038   -4107051.691    4704414.811    3528703.049   1960.174   5332.428  -4827.672
L0039   -4084681.668    4677584.982    3589446.250   3720.431   5651.459  -3130.957
L0040   -4061926.313    4650300.128    3649848.830   1696.002  -3507.520   6356.443
L0041   -4038787.733    4622562.776    3709904.989  -5669.393  -4839.561   -141.863
L0042   -4015268.071    4594375.500    3769608.953  -6174.063  -3384.745  -2451.110
L0043   -4203695.477    4710483.539    3405369.960   1622.858  -3256.203   6507.454
L0044   -4182109.632    4684568.478    3466771.899   2929.467  -2191.985   6495.915
L0045   -4160132.670    4658194.933    3527844.936    958.480   4988.718  -5456.876
L0046   -4137766.624    4631365.345    3588583.210  -2692.045  -5598.868   4121.779
L0047   -4115013.562    4604082.198    3648980.891   1767.119   5402.719  -4824.044
L0048   -4091875.591    4576348.021    3709032.177   2617.720  -2831.017   6380.938
L0049   -4068354.853    4548165.388    3768731.295   -888.595  -5178.077   5289.746
